lr_groups,iter,done,training_iteration,trial_id,date,timestamp,time_this_iter_s,time_total_s,pid,hostname,node_ip,time_since_restore,iterations_since_restore,initial_stats/params,val/current/time,val/current/steps,val/current/overall time,val/current/overall steps,val/current/mse,val/current/L2^2,val/current/mae,val/current/L1,val/current/L1_std,val/current/L2,val/best/mse,val/best/L2^2,val/best/mae,val/best/L1,val/best/L1_std,val/last improve/mse,val/last improve/L2^2,val/last improve/mae,val/last improve/L1,val/last improve/L1_std,test/current/time,test/current/steps,test/current/overall time,test/current/overall steps,test/current/mse,test/current/L2^2,test/current/mae,test/current/L1,test/current/L1_std,test/current/L2,test/best/mse,test/best/L2^2,test/best/mae,test/best/L1,test/best/L1_std,test/last improve/mse,test/last improve/L2^2,test/last improve/mae,test/last improve/L1,test/last improve/L1_std,train/current/time,train/current/steps,train/current/overall time,train/current/overall steps,train/current/mse,train/current/L2^2,train/current/mae,train/current/L1,train/current/L1_std,train/current/L2,train/best/mse,train/best/L2^2,train/best/mae,train/best/L1,train/best/L1_std,train/last improve/mse,train/last improve/L2^2,train/last improve/mae,train/last improve/L1,train/last improve/L1_std,initial_stats/test_initial/time,initial_stats/test_initial/steps,initial_stats/test_initial/overall time,initial_stats/test_initial/overall steps,initial_stats/test_initial/mse,initial_stats/test_initial/L2^2,initial_stats/test_initial/mae,initial_stats/test_initial/L1,initial_stats/test_initial/L1_std,initial_stats/test_initial/L2,initial_stats/val_initial/time,initial_stats/val_initial/steps,initial_stats/val_initial/overall time,initial_stats/val_initial/overall steps,initial_stats/val_initial/mse,initial_stats/val_initial/L2^2,initial_stats/val_initial/mae,initial_stats/val_initial/L1,initial_stats/val_initial/L1_std,initial_stats/val_initial/L2
[0.01],0,False,1,5e526_00001,2024-07-08_11-35-58,1720409758,257.95557594299316,257.95557594299316,194762,sepc622.se.cuhk.edu.hk,137.189.58.22,257.95557594299316,1,24666,61.386314392089844,1000,119.03532862663269,2000.0,0.10113889956364339,0.013170052958116267,0.2504631810186371,0.09975466804025593,0.05665849969737933,0.11476085115629052,0.10113889956364339,0.013170052958116267,0.2504631810186371,0.09975466804025593,0.05665849969737933,0,0,0,0,0,62.026602029800415,1000,91.37907838821411,2000.0,0.10059648741032991,0.013104879830936007,0.24976975638233384,0.09946822608685008,0.0565987117378539,0.1144765470781505,0.10059648741032991,0.013104879830936007,0.24976975638233384,0.09946822608685008,0.0565987117378539,0,0,0,0,0,134.54165840148926,2000,134.54165840148926,2000.0,0.27639174185476395,0.0546004060635528,0.34101023626201743,0.14182357530367565,0.1837147687011667,0.23366729780513318,0.27639174185476395,0.0546004060635528,0.34101023626201743,0.14182357530367565,0.1837147687011667,0,0,0,0,0,29.352476358413696,1000,29.352476358413696,1000.0,2.111244323722546,0.2608240822036396,1.234592734018537,0.4741659176702002,0.18931607544815585,0.5107093911449442,57.64901423454285,1000,57.64901423454285,1000.0,2.117180333100907,0.2608651578955678,1.2354506610181801,0.47400228379330006,0.1897716091895024,0.5107496039113176
[0.01],1,False,2,5e526_00001,2024-07-08_11-38-58,1720409938,179.617258310318,437.57283425331116,194762,sepc622.se.cuhk.edu.hk,137.189.58.22,437.57283425331116,2,24666,60.60933709144592,1000,179.6446657180786,3000.0,0.07861917531607987,0.010164908028404758,0.22960825651989455,0.09000232530060737,0.04538504157551449,0.10082116855306111,0.07861917531607987,0.010164908028404758,0.22960825651989455,0.09000232530060737,0.04538504157551449,0,0,0,0,0,61.88151550292969,1000,153.2605938911438,3000.0,0.07817341574730091,0.010085356771286287,0.22875510695360193,0.08962317573763787,0.0452570504981149,0.10042587700033437,0.07817341574730091,0.010085356771286287,0.22875510695360193,0.08962317573763787,0.0452570504981149,0,0,0,0,0,57.125585317611694,2000,191.66724371910095,4000.0,0.25994320477427235,0.051482030292192414,0.3307885593687027,0.13722785302203433,0.18057204078901296,0.22689651890717147,0.25994320477427235,0.051482030292192414,0.3307885593687027,0.13722785302203433,0.18057204078901296,0,0,0,0,0,29.352476358413696,1000,29.352476358413696,1000.0,2.111244323722546,0.2608240822036396,1.234592734018537,0.4741659176702002,0.18931607544815585,0.5107093911449442,57.64901423454285,1000,57.64901423454285,1000.0,2.117180333100907,0.2608651578955678,1.2354506610181801,0.47400228379330006,0.1897716091895024,0.5107496039113176
[0.01],2,False,3,5e526_00001,2024-07-08_11-41-50,1720410110,172.13942432403564,609.7122585773468,194762,sepc622.se.cuhk.edu.hk,137.189.58.22,609.7122585773468,3,24666,59.38060283660889,1000,239.0252685546875,4000.0,0.03123262707390811,0.005569861392631296,0.1520985293536797,0.06524295772977082,0.03612112605601964,0.07463150402230478,0.03123262707390811,0.005569861392631296,0.1520985293536797,0.06524295772977082,0.03612112605601964,0,0,0,0,0,62.14287567138672,1000,215.40346956253052,4000.0,0.03105695813613748,0.005531509634609934,0.1516574501601608,0.06500789552561721,0.03601639980734176,0.07437411938712238,0.03105695813613748,0.005531509634609934,0.1516574501601608,0.06500789552561721,0.03601639980734176,0,0,0,0,0,50.615179777145386,2000,242.28242349624634,6000.0,0.25916793093743745,0.05131111053024813,0.32967557921400775,0.13664343625135517,0.18055492401577233,0.2265195588249459,0.25916793093743745,0.05131111053024813,0.32967557921400775,0.13664343625135517,0.18055492401577233,0,0,0,0,0,29.352476358413696,1000,29.352476358413696,1000.0,2.111244323722546,0.2608240822036396,1.234592734018537,0.4741659176702002,0.18931607544815585,0.5107093911449442,57.64901423454285,1000,57.64901423454285,1000.0,2.117180333100907,0.2608651578955678,1.2354506610181801,0.47400228379330006,0.1897716091895024,0.5107496039113176
[0.01],3,False,4,5e526_00001,2024-07-08_11-44-38,1720410278,168.16464400291443,777.8769025802612,194762,sepc622.se.cuhk.edu.hk,137.189.58.22,777.8769025802612,4,24666,58.165260791778564,1000,297.19052934646606,5000.0,0.03427810786744501,0.005134774932965806,0.1531846037797909,0.0632099388835149,0.03365400920665502,0.07165734388718163,0.03123262707390811,0.005134774932965806,0.1520985293536797,0.0632099388835149,0.03365400920665502,1,0,1,0,0,61.76827526092529,1000,277.1717448234558,5000.0,0.03411992317160933,0.005121147840857221,0.15293172669121313,0.06314772595922845,0.0335792018268822,0.07156219561232886,0.03105695813613748,0.005121147840857221,0.1516574501601608,0.06314772595922845,0.0335792018268822,1,0,1,0,0,48.230350494384766,2000,290.5127739906311,8000.0,0.25879274768750016,0.051252254626025104,0.32918130012235247,0.13639312370912393,0.18058896709567343,0.22638960803452332,0.25879274768750016,0.051252254626025104,0.32918130012235247,0.13639312370912393,0.18055492401577233,0,0,0,0,1,29.352476358413696,1000,29.352476358413696,1000.0,2.111244323722546,0.2608240822036396,1.234592734018537,0.4741659176702002,0.18931607544815585,0.5107093911449442,57.64901423454285,1000,57.64901423454285,1000.0,2.117180333100907,0.2608651578955678,1.2354506610181801,0.47400228379330006,0.1897716091895024,0.5107496039113176
[0.005],4,False,5,5e526_00001,2024-07-08_11-47-30,1720410450,172.32468938827515,950.2015919685364,194762,sepc622.se.cuhk.edu.hk,137.189.58.22,950.2015919685364,5,24666,59.38767099380493,1000,356.578200340271,6000.0,0.046949978043839546,0.005276907174246158,0.16806316017656073,0.06299845737875781,0.036128383083944074,0.07264232357411317,0.03123262707390811,0.005134774932965806,0.1520985293536797,0.06299845737875781,0.03365400920665502,2,1,2,0,1,60.83486247062683,1000,338.00660729408264,6000.0,0.046612611760923406,0.005248309716007163,0.16749302190652732,0.0628281285097273,0.03603161271075981,0.07244521872426891,0.03105695813613748,0.005121147840857221,0.1516574501601608,0.0628281285097273,0.0335792018268822,2,1,2,0,1,52.101226568222046,2000,342.61400055885315,10000.0,0.25794663543478674,0.05111159615336911,0.3281454650858638,0.13591590413621454,0.18058680488315884,0.22607873883532062,0.25794663543478674,0.05111159615336911,0.3281454650858638,0.13591590413621454,0.18055492401577233,0,0,0,0,2,29.352476358413696,1000,29.352476358413696,1000.0,2.111244323722546,0.2608240822036396,1.234592734018537,0.4741659176702002,0.18931607544815585,0.5107093911449442,57.64901423454285,1000,57.64901423454285,1000.0,2.117180333100907,0.2608651578955678,1.2354506610181801,0.47400228379330006,0.1897716091895024,0.5107496039113176
[0.005],5,False,6,5e526_00001,2024-07-08_11-50-23,1720410623,172.56727647781372,1122.76886844635,194762,sepc622.se.cuhk.edu.hk,137.189.58.22,1122.76886844635,6,24666,61.806201457977295,1000,418.3844017982483,7000.0,0.050678456326754544,0.006150839960548058,0.18426437971592147,0.0719000051128535,0.03126844672323652,0.07842729091679794,0.03123262707390811,0.005134774932965806,0.1520985293536797,0.06299845737875781,0.03126844672323652,3,2,3,1,0,58.50168824195862,1000,396.50829553604126,7000.0,0.05035254636057725,0.006122999224034815,0.1837383605129131,0.07175885812941663,0.031157189743594306,0.07824959567968907,0.03105695813613748,0.005121147840857221,0.1516574501601608,0.0628281285097273,0.031157189743594306,3,2,3,1,0,52.25863790512085,2000,394.872638463974,12000.0,0.2579397850011963,0.051123072411144874,0.32818269167211284,0.1359595329968654,0.18058689470076295,0.2261041185187587,0.2579397850011963,0.05111159615336911,0.3281454650858638,0.13591590413621454,0.18055492401577233,0,1,1,1,3,29.352476358413696,1000,29.352476358413696,1000.0,2.111244323722546,0.2608240822036396,1.234592734018537,0.4741659176702002,0.18931607544815585,0.5107093911449442,57.64901423454285,1000,57.64901423454285,1000.0,2.117180333100907,0.2608651578955678,1.2354506610181801,0.47400228379330006,0.1897716091895024,0.5107496039113176
[0.005],6,False,7,5e526_00001,2024-07-08_11-53-12,1720410792,168.66526174545288,1291.434130191803,194762,sepc622.se.cuhk.edu.hk,137.189.58.22,1291.434130191803,7,24666,62.09609055519104,1000,480.48049235343933,8000.0,0.04143615007143781,0.0050902673946399595,0.16591126975900045,0.06484975251826941,0.029688556742648923,0.0713461098774135,0.03123262707390811,0.0050902673946399595,0.1520985293536797,0.06299845737875781,0.029688556742648923,4,0,4,2,0,58.137770652770996,1000,454.64606618881226,8000.0,0.04112300741925682,0.005055628393137358,0.1653162388837724,0.06465059556469943,0.02955197442124582,0.07110294222560244,0.03105695813613748,0.005055628393137358,0.1516574501601608,0.0628281285097273,0.02955197442124582,4,0,4,2,0,48.43058753013611,2000,443.3032259941101,14000.0,0.2578613580531729,0.051100609210791445,0.3279904477664939,0.13582827732805788,0.18062625028119253,0.22605443860006696,0.2578613580531729,0.051100609210791445,0.3279904477664939,0.13582827732805788,0.18055492401577233,0,0,0,0,4,29.352476358413696,1000,29.352476358413696,1000.0,2.111244323722546,0.2608240822036396,1.234592734018537,0.4741659176702002,0.18931607544815585,0.5107093911449442,57.64901423454285,1000,57.64901423454285,1000.0,2.117180333100907,0.2608651578955678,1.2354506610181801,0.47400228379330006,0.1897716091895024,0.5107496039113176
[0.005],7,False,8,5e526_00001,2024-07-08_11-56-03,1720410963,171.45040011405945,1462.8845303058624,194762,sepc622.se.cuhk.edu.hk,137.189.58.22,1462.8845303058624,8,24666,61.8491051197052,1000,542.3295974731445,9000.0,0.047260360603409206,0.0063643765528391735,0.18221842315419093,0.07356060832212073,0.03078371845248766,0.07977704276819976,0.03123262707390811,0.0050902673946399595,0.1520985293536797,0.06299845737875781,0.029688556742648923,5,1,5,3,1,59.33431363105774,1000,513.98037981987,9000.0,0.046879779284516684,0.0063171449055232564,0.18153357798942266,0.0733147448153454,0.03061154904844589,0.07948046870472807,0.03105695813613748,0.005055628393137358,0.1516574501601608,0.0628281285097273,0.02955197442124582,5,1,5,3,1,50.26612138748169,2000,493.5693473815918,16000.0,0.2578228823607367,0.0510938409042108,0.3279220170693713,0.1357883445824024,0.1806381815828771,0.22603946758079838,0.2578228823607367,0.0510938409042108,0.3279220170693713,0.1357883445824024,0.18055492401577233,0,0,0,0,5,29.352476358413696,1000,29.352476358413696,1000.0,2.111244323722546,0.2608240822036396,1.234592734018537,0.4741659176702002,0.18931607544815585,0.5107093911449442,57.64901423454285,1000,57.64901423454285,1000.0,2.117180333100907,0.2608651578955678,1.2354506610181801,0.47400228379330006,0.1897716091895024,0.5107496039113176
[0.0025],8,False,9,5e526_00001,2024-07-08_11-58-56,1720411136,173.31450605392456,1636.199036359787,194762,sepc622.se.cuhk.edu.hk,137.189.58.22,1636.199036359787,9,24666,62.44767689704895,1000,604.7772743701935,10000.0,0.02521597111628255,0.007608854568143378,0.13559847054319155,0.06980259250297809,0.05224940213084746,0.08722874851872735,0.02521597111628255,0.0050902673946399595,0.13559847054319155,0.06299845737875781,0.029688556742648923,0,2,0,4,2,59.95612168312073,1000,573.9365015029907,10000.0,0.025127541455899818,0.007570454360938289,0.13526508751085964,0.06958107970668595,0.05216795736091634,0.08700835799472537,0.025127541455899818,0.005055628393137358,0.13526508751085964,0.0628281285097273,0.02955197442124582,0,2,0,4,2,50.90987944602966,2000,544.4792268276215,18000.0,0.25732100811559483,0.05100695236762541,0.3272950529248188,0.13549317701835245,0.1806303895831722,0.22584718808881685,0.25732100811559483,0.05100695236762541,0.3272950529248188,0.13549317701835245,0.18055492401577233,0,0,0,0,6,29.352476358413696,1000,29.352476358413696,1000.0,2.111244323722546,0.2608240822036396,1.234592734018537,0.4741659176702002,0.18931607544815585,0.5107093911449442,57.64901423454285,1000,57.64901423454285,1000.0,2.117180333100907,0.2608651578955678,1.2354506610181801,0.47400228379330006,0.1897716091895024,0.5107496039113176
[0.0025],9,False,10,5e526_00001,2024-07-08_12-01-51,1720411311,174.18644452095032,1810.3854808807373,194762,sepc622.se.cuhk.edu.hk,137.189.58.22,1810.3854808807373,10,24666,61.268341302871704,1000,666.0456156730652,11000.0,0.025735086855864356,0.007534588512178914,0.13963542098429363,0.07105406300747544,0.049792580741511175,0.08680200753541886,0.02521597111628255,0.0050902673946399595,0.13559847054319155,0.06299845737875781,0.029688556742648923,1,3,1,5,3,62.29182577133179,1000,636.2283272743225,11000.0,0.02563996611169146,0.007495925331666218,0.13926750292820525,0.07082214206820205,0.049730410453383604,0.0865790120737481,0.025127541455899818,0.005055628393137358,0.13526508751085964,0.0628281285097273,0.02955197442124582,1,3,1,5,3,50.625372886657715,2000,595.1045997142792,20000.0,0.2573465423195421,0.05100988535791155,0.32731448271691743,0.13549938428034253,0.18063337522397635,0.22585368130254496,0.25732100811559483,0.05100695236762541,0.3272950529248188,0.13549317701835245,0.18055492401577233,1,1,1,1,7,29.352476358413696,1000,29.352476358413696,1000.0,2.111244323722546,0.2608240822036396,1.234592734018537,0.4741659176702002,0.18931607544815585,0.5107093911449442,57.64901423454285,1000,57.64901423454285,1000.0,2.117180333100907,0.2608651578955678,1.2354506610181801,0.47400228379330006,0.1897716091895024,0.5107496039113176
[0.0025],10,False,11,5e526_00001,2024-07-08_12-04-42,1720411482,171.6033971309662,1981.9888780117035,194762,sepc622.se.cuhk.edu.hk,137.189.58.22,1981.9888780117035,11,24666,59.79615259170532,1000,725.8417682647705,12000.0,0.023656152729105668,0.007108879931341986,0.13354284282094542,0.06865206632439957,0.04888023034867931,0.08431417396465428,0.023656152729105668,0.0050902673946399595,0.13354284282094542,0.06299845737875781,0.029688556742648923,0,4,0,6,4,61.383145570755005,1000,697.6114728450775,12000.0,0.023570036853689844,0.007071306739809207,0.13321989690170158,0.06843481866863317,0.04880032012871604,0.08409106218742399,0.023570036853689844,0.005055628393137358,0.13321989690170158,0.0628281285097273,0.02955197442124582,0,4,0,6,4,50.42326283454895,2000,645.5278625488281,22000.0,0.25733997452480417,0.05100840901722749,0.32729950833256616,0.1354892050445965,0.18063696109960428,0.2258504129224197,0.25732100811559483,0.05100695236762541,0.3272950529248188,0.1354892050445965,0.18055492401577233,2,2,2,0,8,29.352476358413696,1000,29.352476358413696,1000.0,2.111244323722546,0.2608240822036396,1.234592734018537,0.4741659176702002,0.18931607544815585,0.5107093911449442,57.64901423454285,1000,57.64901423454285,1000.0,2.117180333100907,0.2608651578955678,1.2354506610181801,0.47400228379330006,0.1897716091895024,0.5107496039113176
[0.0025],11,False,12,5e526_00001,2024-07-08_12-07-32,1720411652,169.5698959827423,2151.558773994446,194762,sepc622.se.cuhk.edu.hk,137.189.58.22,2151.558773994446,12,24666,59.45329928398132,1000,785.2950675487518,13000.0,0.02329207362155533,0.006740649573179999,0.13378050689332305,0.06776809673313991,0.04629033342305765,0.08210145901980061,0.02329207362155533,0.0050902673946399595,0.13354284282094542,0.06299845737875781,0.029688556742648923,0,5,1,7,5,61.67174172401428,1000,759.2832145690918,13000.0,0.02320813450255344,0.006706385011653453,0.13343034456597905,0.06754886772606063,0.046239473467381075,0.08189252109718843,0.02320813450255344,0.005055628393137358,0.13321989690170158,0.0628281285097273,0.02955197442124582,0,5,1,7,5,48.4439115524292,2000,693.9717741012573,24000.0,0.25733596534266967,0.05101096105023387,0.32729066419091957,0.13548482458570774,0.1806474056515487,0.22585606268204064,0.25732100811559483,0.05100695236762541,0.32729066419091957,0.13548482458570774,0.18055492401577233,3,3,0,0,9,29.352476358413696,1000,29.352476358413696,1000.0,2.111244323722546,0.2608240822036396,1.234592734018537,0.4741659176702002,0.18931607544815585,0.5107093911449442,57.64901423454285,1000,57.64901423454285,1000.0,2.117180333100907,0.2608651578955678,1.2354506610181801,0.47400228379330006,0.1897716091895024,0.5107496039113176
[0.00125],12,False,13,5e526_00001,2024-07-08_12-10-23,1720411823,170.86701345443726,2322.425787448883,194762,sepc622.se.cuhk.edu.hk,137.189.58.22,2322.425787448883,13,24666,58.38025641441345,1000,843.6753239631653,14000.0,0.031354997216549114,0.0066516502237510145,0.16777103175150646,0.07657990513084204,0.02792702945608594,0.0815576496948693,0.02329207362155533,0.0050902673946399595,0.13354284282094542,0.06299845737875781,0.02792702945608594,1,6,2,8,0,61.901994466781616,1000,821.1852090358734,14000.0,0.031208081752986356,0.0066219089734212665,0.1673323767618321,0.07638557650621085,0.027934332857650786,0.08137511273983752,0.02320813450255344,0.005055628393137358,0.13321989690170158,0.0628281285097273,0.027934332857650786,1,6,2,8,0,50.583979845047,2000,744.5557539463043,26000.0,0.2570452552775104,0.05095962341837787,0.32689144473766896,0.13529563020029903,0.18065405363028364,0.2257423828579336,0.2570452552775104,0.05095962341837787,0.32689144473766896,0.13529563020029903,0.18055492401577233,0,0,0,0,10,29.352476358413696,1000,29.352476358413696,1000.0,2.111244323722546,0.2608240822036396,1.234592734018537,0.4741659176702002,0.18931607544815585,0.5107093911449442,57.64901423454285,1000,57.64901423454285,1000.0,2.117180333100907,0.2608651578955678,1.2354506610181801,0.47400228379330006,0.1897716091895024,0.5107496039113176
[0.00125],13,False,14,5e526_00001,2024-07-08_12-13-13,1720411993,169.71228957176208,2492.138077020645,194762,sepc622.se.cuhk.edu.hk,137.189.58.22,2492.138077020645,14,24666,59.01281785964966,1000,902.6881418228149,15000.0,0.03131480474298348,0.006782644865318281,0.16789978950061055,0.07706854523146052,0.028918731986582204,0.08235681432230292,0.02329207362155533,0.0050902673946399595,0.13354284282094542,0.06299845737875781,0.02792702945608594,2,7,3,9,1,61.046348094940186,1000,882.2315571308136,15000.0,0.031168915830019003,0.006750192542379901,0.16744909429131502,0.07685983507277448,0.028921439813321355,0.08215955539302718,0.02320813450255344,0.005055628393137358,0.13321989690170158,0.0628281285097273,0.027934332857650786,2,7,3,9,1,49.6523220539093,2000,794.2080760002136,28000.0,0.25704797328415296,0.05095866148462771,0.3268906991802107,0.13529345497695125,0.18065299633231635,0.22574025224719607,0.2570452552775104,0.05095866148462771,0.3268906991802107,0.13529345497695125,0.18055492401577233,1,0,0,0,11,29.352476358413696,1000,29.352476358413696,1000.0,2.111244323722546,0.2608240822036396,1.234592734018537,0.4741659176702002,0.18931607544815585,0.5107093911449442,57.64901423454285,1000,57.64901423454285,1000.0,2.117180333100907,0.2608651578955678,1.2354506610181801,0.47400228379330006,0.1897716091895024,0.5107496039113176
[0.00125],14,False,15,5e526_00001,2024-07-08_12-16-03,1720412163,170.69683241844177,2662.834909439087,194762,sepc622.se.cuhk.edu.hk,137.189.58.22,2662.834909439087,15,24666,61.58444595336914,1000,964.2725877761841,16000.0,0.030770953273849513,0.00674035118683993,0.16646306892274593,0.07664623925779074,0.02930251317716722,0.0820996418191939,0.02329207362155533,0.0050902673946399595,0.13354284282094542,0.06299845737875781,0.02792702945608594,3,8,4,10,2,59.32604622840881,1000,941.5576033592224,16000.0,0.030632746894235355,0.0067113012662838025,0.16603332247893426,0.07645329047666496,0.029319310313330765,0.08192253210371249,0.02320813450255344,0.005055628393137358,0.13321989690170158,0.0628281285097273,0.027934332857650786,3,8,4,10,2,49.785566091537476,2000,843.9936420917511,30000.0,0.25704774843141526,0.050958919478057994,0.32688788515806644,0.13529121498897415,0.18065544626549881,0.22574082368516776,0.2570452552775104,0.05095866148462771,0.32688788515806644,0.13529121498897415,0.18055492401577233,2,1,0,0,12,29.352476358413696,1000,29.352476358413696,1000.0,2.111244323722546,0.2608240822036396,1.234592734018537,0.4741659176702002,0.18931607544815585,0.5107093911449442,57.64901423454285,1000,57.64901423454285,1000.0,2.117180333100907,0.2608651578955678,1.2354506610181801,0.47400228379330006,0.1897716091895024,0.5107496039113176
[0.00125],15,False,16,5e526_00001,2024-07-08_12-18-54,1720412334,170.75953936576843,2833.5944488048553,194762,sepc622.se.cuhk.edu.hk,137.189.58.22,2833.5944488048553,16,24666,61.81305527687073,1000,1026.0856430530548,17000.0,0.029980992188519795,0.00654804544199569,0.16424457199339906,0.07561193082916391,0.02871279850151854,0.08091999408054655,0.02329207362155533,0.0050902673946399595,0.13354284282094542,0.06299845737875781,0.02792702945608594,4,9,5,11,3,58.500813484191895,1000,1000.0584168434143,17000.0,0.02984276254565331,0.006517018724181634,0.16380290361517122,0.07540767824918546,0.028717317653767414,0.08072805413350204,0.02320813450255344,0.005055628393137358,0.13321989690170158,0.0628281285097273,0.027934332857650786,4,9,5,11,3,50.4448459148407,2000,894.4384880065918,32000.0,0.2570454276798482,0.05095887399566048,0.32688496314111226,0.1352901795424093,0.1806561867100182,0.22574072294484324,0.2570452552775104,0.05095866148462771,0.32688496314111226,0.1352901795424093,0.18055492401577233,3,2,0,0,13,29.352476358413696,1000,29.352476358413696,1000.0,2.111244323722546,0.2608240822036396,1.234592734018537,0.4741659176702002,0.18931607544815585,0.5107093911449442,57.64901423454285,1000,57.64901423454285,1000.0,2.117180333100907,0.2608651578955678,1.2354506610181801,0.47400228379330006,0.1897716091895024,0.5107496039113176
[0.000625],16,False,17,5e526_00001,2024-07-08_12-21-44,1720412504,170.24818468093872,3003.842633485794,194762,sepc622.se.cuhk.edu.hk,137.189.58.22,3003.842633485794,17,24666,62.70036196708679,1000,1088.7860050201416,18000.0,0.020124600775503973,0.00553025282581239,0.1282459872324526,0.0640042502637771,0.03779729427460875,0.07436566967231849,0.020124600775503973,0.0050902673946399595,0.1282459872324526,0.06299845737875781,0.02792702945608594,0,10,0,12,4,59.134541034698486,1000,1059.1929578781128,18000.0,0.0200430380756149,0.0055046167833406245,0.12789779260105935,0.06381630915153855,0.037783255495027014,0.07419310468864761,0.0200430380756149,0.005055628393137358,0.12789779260105935,0.0628281285097273,0.027934332857650786,0,10,0,12,4,48.41256809234619,2000,942.851056098938,34000.0,0.2568899400032971,0.05092982718305066,0.32667427724165427,0.13518551187766092,0.18065815309923036,0.22567637710458457,0.2568899400032971,0.05092982718305066,0.32667427724165427,0.13518551187766092,0.18055492401577233,0,0,0,0,14,29.352476358413696,1000,29.352476358413696,1000.0,2.111244323722546,0.2608240822036396,1.234592734018537,0.4741659176702002,0.18931607544815585,0.5107093911449442,57.64901423454285,1000,57.64901423454285,1000.0,2.117180333100907,0.2608651578955678,1.2354506610181801,0.47400228379330006,0.1897716091895024,0.5107496039113176
[0.000625],17,False,18,5e526_00001,2024-07-08_12-24-34,1720412674,169.38002276420593,3173.22265625,194762,sepc622.se.cuhk.edu.hk,137.189.58.22,3173.22265625,18,24666,62.09921669960022,1000,1150.8852217197418,19000.0,0.01980136125672727,0.005328224446231593,0.12736254626449026,0.06313986072130638,0.03656356160740892,0.07299468779460319,0.01980136125672727,0.0050902673946399595,0.12736254626449026,0.06299845737875781,0.02792702945608594,0,11,0,13,5,59.31532859802246,1000,1118.5082864761353,19000.0,0.01972282477861913,0.005304869440066002,0.12702420302351125,0.06296302216342296,0.03655573813452206,0.07283453466636552,0.01972282477861913,0.005055628393137358,0.12702420302351125,0.0628281285097273,0.027934332857650786,0,11,0,13,5,47.96448564529419,2000,990.8155417442322,36000.0,0.25689106024020353,0.05093031424936096,0.32667338603687535,0.13518513418055206,0.1806598912514231,0.22567745622760144,0.2568899400032971,0.05092982718305066,0.32667338603687535,0.13518513418055206,0.18055492401577233,1,1,0,0,15,29.352476358413696,1000,29.352476358413696,1000.0,2.111244323722546,0.2608240822036396,1.234592734018537,0.4741659176702002,0.18931607544815585,0.5107093911449442,57.64901423454285,1000,57.64901423454285,1000.0,2.117180333100907,0.2608651578955678,1.2354506610181801,0.47400228379330006,0.1897716091895024,0.5107496039113176
[0.000625],18,False,19,5e526_00001,2024-07-08_12-27-25,1720412845,171.21196603775024,3344.4346222877502,194762,sepc622.se.cuhk.edu.hk,137.189.58.22,3344.4346222877502,19,24666,62.039143562316895,1000,1212.9243652820587,20000.0,0.019861654816388758,0.005243955951926911,0.12780755885778608,0.06295446723764425,0.03572218424883508,0.07241516382586531,0.01980136125672727,0.0050902673946399595,0.12736254626449026,0.06295446723764425,0.02792702945608594,1,12,1,0,6,61.257818937301636,1000,1179.766105413437,20000.0,0.019785781728211053,0.005221427781856634,0.12748813334686496,0.06278660647923699,0.035709003527308644,0.07225944769963741,0.01972282477861913,0.005055628393137358,0.12702420302351125,0.06278660647923699,0.027934332857650786,1,12,1,0,6,47.91418433189392,2000,1038.729726076126,38000.0,0.2568887958391061,0.05092993508475879,0.32666532225624867,0.13517920593602428,0.18066348158846393,0.22567661616737963,0.2568887958391061,0.05092982718305066,0.32666532225624867,0.13517920593602428,0.18055492401577233,0,2,0,0,16,29.352476358413696,1000,29.352476358413696,1000.0,2.111244323722546,0.2608240822036396,1.234592734018537,0.4741659176702002,0.18931607544815585,0.5107093911449442,57.64901423454285,1000,57.64901423454285,1000.0,2.117180333100907,0.2608651578955678,1.2354506610181801,0.47400228379330006,0.1897716091895024,0.5107496039113176
[0.000625],19,False,20,5e526_00001,2024-07-08_12-30-18,1720413018,172.42224884033203,3516.8568711280823,194762,sepc622.se.cuhk.edu.hk,137.189.58.22,3516.8568711280823,20,24666,60.61799645423889,1000,1273.5423617362976,21000.0,0.020862358188107055,0.005542965331407638,0.1312989861460773,0.06478156389961756,0.036627249238991674,0.07445109355414223,0.01980136125672727,0.0050902673946399595,0.12736254626449026,0.06295446723764425,0.02792702945608594,2,13,2,1,7,62.0565721988678,1000,1241.8226776123047,21000.0,0.020785079344047528,0.005519290328095966,0.13097284232389197,0.06460717750285035,0.03662023047770279,0.07429192639914492,0.01972282477861913,0.005055628393137358,0.12702420302351125,0.06278660647923699,0.027934332857650786,2,13,2,1,7,49.74682283401489,2000,1088.476548910141,40000.0,0.2568871175273276,0.0509298043663325,0.32665897748885925,0.13517477821707247,0.18066655171361945,0.22567632655272574,0.2568871175273276,0.0509298043663325,0.32665897748885925,0.13517477821707247,0.18055492401577233,0,0,0,0,17,29.352476358413696,1000,29.352476358413696,1000.0,2.111244323722546,0.2608240822036396,1.234592734018537,0.4741659176702002,0.18931607544815585,0.5107093911449442,57.64901423454285,1000,57.64901423454285,1000.0,2.117180333100907,0.2608651578955678,1.2354506610181801,0.47400228379330006,0.1897716091895024,0.5107496039113176
[0.0003125],20,False,21,5e526_00001,2024-07-08_12-33-09,1720413189,171.7843849658966,3688.641256093979,194762,sepc622.se.cuhk.edu.hk,137.189.58.22,3688.641256093979,21,24666,59.91201972961426,1000,1333.4543814659119,22000.0,0.017016151642642398,0.005499845203661858,0.11205207897461482,0.059431928075140694,0.04427659046383068,0.07416094122691444,0.017016151642642398,0.0050902673946399595,0.11205207897461482,0.059431928075140694,0.02792702945608594,0,14,0,0,8,62.36619997024536,1000,1304.18887758255,22000.0,0.01694903111143141,0.0054720637197022345,0.1116719687613412,0.059223208791478806,0.04426001559223122,0.07397339873023433,0.01694903111143141,0.005055628393137358,0.1116719687613412,0.059223208791478806,0.027934332857650786,0,14,0,0,8,49.50524950027466,2000,1137.9817984104156,42000.0,0.25679583818799845,0.05091337482243638,0.3265399593926298,0.135116827810409,0.1806669821950828,0.22563992293571716,0.25679583818799845,0.05091337482243638,0.3265399593926298,0.135116827810409,0.18055492401577233,0,0,0,0,18,29.352476358413696,1000,29.352476358413696,1000.0,2.111244323722546,0.2608240822036396,1.234592734018537,0.4741659176702002,0.18931607544815585,0.5107093911449442,57.64901423454285,1000,57.64901423454285,1000.0,2.117180333100907,0.2608651578955678,1.2354506610181801,0.47400228379330006,0.1897716091895024,0.5107496039113176
[0.0003125],21,False,22,5e526_00001,2024-07-08_12-36-00,1720413360,170.7288041114807,3859.3700602054596,194762,sepc622.se.cuhk.edu.hk,137.189.58.22,3859.3700602054596,22,24666,58.35585832595825,1000,1391.8102397918701,23000.0,0.016900377581637864,0.0054840433529349366,0.1117441587321608,0.05927069454588746,0.04431273046598658,0.07405432703721597,0.016900377581637864,0.0050902673946399595,0.1117441587321608,0.05927069454588746,0.02792702945608594,0,15,0,0,9,62.04797863960266,1000,1366.2368562221527,23000.0,0.016830913258191714,0.005454840556952098,0.11135378934131349,0.059054120624359115,0.04429001976779802,0.07385689241331575,0.016830913258191714,0.005055628393137358,0.11135378934131349,0.059054120624359115,0.027934332857650786,0,15,0,0,9,50.32409715652466,2000,1188.3058955669403,44000.0,0.2567943977049566,0.050913076813977796,0.3265318700046623,0.1351106508978336,0.1806710311002535,0.2256392625718711,0.2567943977049566,0.050913076813977796,0.3265318700046623,0.1351106508978336,0.18055492401577233,0,0,0,0,19,29.352476358413696,1000,29.352476358413696,1000.0,2.111244323722546,0.2608240822036396,1.234592734018537,0.4741659176702002,0.18931607544815585,0.5107093911449442,57.64901423454285,1000,57.64901423454285,1000.0,2.117180333100907,0.2608651578955678,1.2354506610181801,0.47400228379330006,0.1897716091895024,0.5107496039113176
[0.0003125],22,False,23,5e526_00001,2024-07-08_12-38-50,1720413530,169.87537837028503,4029.2454385757446,194762,sepc622.se.cuhk.edu.hk,137.189.58.22,4029.2454385757446,23,24666,58.67287564277649,1000,1450.4831154346466,24000.0,0.01679361389022351,0.005466749309846723,0.11152856022368238,0.0591484024223207,0.04427866825351657,0.07393746891696201,0.01679361389022351,0.0050902673946399595,0.11152856022368238,0.0591484024223207,0.02792702945608594,0,16,0,0,10,62.003501653671265,1000,1428.240357875824,24000.0,0.016721489285783524,0.005436110090058064,0.11113047273769748,0.05892541947584746,0.04424850229553603,0.0737299809443761,0.016721489285783524,0.005055628393137358,0.11113047273769748,0.05892541947584746,0.027934332857650786,0,16,0,0,10,49.198097467422485,2000,1237.5039930343628,46000.0,0.2567915254856461,0.05091098209150306,0.326520934987143,0.13510177903476459,0.1806722140219653,0.2256346207732826,0.2567915254856461,0.05091098209150306,0.326520934987143,0.13510177903476459,0.18055492401577233,0,0,0,0,20,29.352476358413696,1000,29.352476358413696,1000.0,2.111244323722546,0.2608240822036396,1.234592734018537,0.4741659176702002,0.18931607544815585,0.5107093911449442,57.64901423454285,1000,57.64901423454285,1000.0,2.117180333100907,0.2608651578955678,1.2354506610181801,0.47400228379330006,0.1897716091895024,0.5107496039113176
[0.0003125],23,False,24,5e526_00001,2024-07-08_12-41-38,1720413698,167.6175401210785,4196.862978696823,194762,sepc622.se.cuhk.edu.hk,137.189.58.22,4196.862978696823,24,24666,59.738205432891846,1000,1510.2213208675385,25000.0,0.01890846158685553,0.006159160666604047,0.11822118221133943,0.06282726182719399,0.04694771648110092,0.07848032025039173,0.01679361389022351,0.0050902673946399595,0.11152856022368238,0.0591484024223207,0.02792702945608594,1,17,1,1,11,60.042861223220825,1000,1488.2832190990448,25000.0,0.01883791428428632,0.006127782567199016,0.11783233293179685,0.06260567389298043,0.04692990692812002,0.07828015436366369,0.016721489285783524,0.005055628393137358,0.11113047273769748,0.05892541947584746,0.027934332857650786,1,17,1,1,11,47.83556246757507,2000,1285.3395555019379,48000.0,0.25678827061914966,0.05090891167320806,0.3265099976060199,0.1350933067818442,0.18067323793432308,0.22563003273768334,0.25678827061914966,0.05090891167320806,0.3265099976060199,0.1350933067818442,0.18055492401577233,0,0,0,0,21,29.352476358413696,1000,29.352476358413696,1000.0,2.111244323722546,0.2608240822036396,1.234592734018537,0.4741659176702002,0.18931607544815585,0.5107093911449442,57.64901423454285,1000,57.64901423454285,1000.0,2.117180333100907,0.2608651578955678,1.2354506610181801,0.47400228379330006,0.1897716091895024,0.5107496039113176
[0.00015625],24,False,25,5e526_00001,2024-07-08_12-44-29,1720413869,171.46858263015747,4368.331561326981,194762,sepc622.se.cuhk.edu.hk,137.189.58.22,4368.331561326981,25,24666,62.04392623901367,1000,1572.2652471065521,26000.0,0.01204796630955575,0.003863494203344266,0.098164201645355,0.05116226875546094,0.035191835470615,0.062157012503371384,0.01204796630955575,0.003863494203344266,0.098164201645355,0.05116226875546094,0.02792702945608594,0,0,0,0,12,58.23353338241577,1000,1546.5167524814606,26000.0,0.011997148055246017,0.0038404118959907366,0.0978970267790397,0.05099128001618003,0.03513330255375934,0.061971056921685114,0.011997148055246017,0.0038404118959907366,0.0978970267790397,0.05099128001618003,0.027934332857650786,0,0,0,0,12,51.18989562988281,2000,1336.5294511318207,50000.0,0.25673937468145497,0.05090140679757694,0.3264444871552803,0.1350615399284702,0.18067812735790012,0.2256134011923426,0.25673937468145497,0.05090140679757694,0.3264444871552803,0.1350615399284702,0.18055492401577233,0,0,0,0,22,29.352476358413696,1000,29.352476358413696,1000.0,2.111244323722546,0.2608240822036396,1.234592734018537,0.4741659176702002,0.18931607544815585,0.5107093911449442,57.64901423454285,1000,57.64901423454285,1000.0,2.117180333100907,0.2608651578955678,1.2354506610181801,0.47400228379330006,0.1897716091895024,0.5107496039113176
[0.00015625],25,False,26,5e526_00001,2024-07-08_12-47-19,1720414039,169.36226725578308,4537.693828582764,194762,sepc622.se.cuhk.edu.hk,137.189.58.22,4537.693828582764,26,24666,62.22252607345581,1000,1634.487773180008,27000.0,0.012619325962425793,0.004087940845894864,0.09994465889864773,0.05230850125708773,0.0366612443181738,0.0639370068574911,0.01204796630955575,0.003863494203344266,0.098164201645355,0.05116226875546094,0.02792702945608594,1,1,1,1,13,59.20696449279785,1000,1605.7237169742584,27000.0,0.012564577142616511,0.004062456701882906,0.09965616106920148,0.05212335601496304,0.036600156607537834,0.06373740426062946,0.011997148055246017,0.0038404118959907366,0.0978970267790397,0.05099128001618003,0.027934332857650786,1,1,1,1,13,47.931801080703735,2000,1384.4612522125244,52000.0,0.2567350967482608,0.05089807004904707,0.32642997969180554,0.13504957788481015,0.18067846685411562,0.22560600623442423,0.2567350967482608,0.05089807004904707,0.32642997969180554,0.13504957788481015,0.18055492401577233,0,0,0,0,23,29.352476358413696,1000,29.352476358413696,1000.0,2.111244323722546,0.2608240822036396,1.234592734018537,0.4741659176702002,0.18931607544815585,0.5107093911449442,57.64901423454285,1000,57.64901423454285,1000.0,2.117180333100907,0.2608651578955678,1.2354506610181801,0.47400228379330006,0.1897716091895024,0.5107496039113176
[0.00015625],26,False,27,5e526_00001,2024-07-08_12-50-10,1720414210,170.86994528770447,4708.563773870468,194762,sepc622.se.cuhk.edu.hk,137.189.58.22,4708.563773870468,27,24666,61.98760747909546,1000,1696.4753806591034,28000.0,0.013032935986011924,0.0038369001195974525,0.10045409033753372,0.051169966751623844,0.03483261253732594,0.06194271643702311,0.01204796630955575,0.0038369001195974525,0.098164201645355,0.05116226875546094,0.02792702945608594,2,0,2,2,14,59.55301523208618,1000,1665.2767322063446,28000.0,0.012979927918170767,0.0038137305794733256,0.10017853634866986,0.05098221490658073,0.03478268609177495,0.06175540931346278,0.011997148055246017,0.0038137305794733256,0.0978970267790397,0.05098221490658073,0.027934332857650786,2,0,2,0,14,49.32839250564575,2000,1433.7896447181702,54000.0,0.2567310073170692,0.05089683042162678,0.326419916571119,0.13504276923302286,0.18068077173529085,0.2256032588896419,0.2567310073170692,0.05089683042162678,0.326419916571119,0.13504276923302286,0.18055492401577233,0,0,0,0,24,29.352476358413696,1000,29.352476358413696,1000.0,2.111244323722546,0.2608240822036396,1.234592734018537,0.4741659176702002,0.18931607544815585,0.5107093911449442,57.64901423454285,1000,57.64901423454285,1000.0,2.117180333100907,0.2608651578955678,1.2354506610181801,0.47400228379330006,0.1897716091895024,0.5107496039113176
[0.00015625],27,False,28,5e526_00001,2024-07-08_12-53-03,1720414383,173.0292477607727,4881.593021631241,194762,sepc622.se.cuhk.edu.hk,137.189.58.22,4881.593021631241,28,24666,61.83679270744324,1000,1758.3121733665466,29000.0,66648944.12621907,16122713.52664744,1785.601139795831,824.5689626977208,3496.970470188849,4015.309891732821,0.01204796630955575,0.0038369001195974525,0.098164201645355,0.05116226875546094,0.02792702945608594,3,1,3,3,15,60.65737318992615,1000,1725.9341053962708,29000.0,68403854.70914581,16627151.558540605,1816.265381214329,837.373026887762,3551.7430632068317,4077.6404400756824,0.011997148055246017,0.0038137305794733256,0.0978970267790397,0.05098221490658073,0.027934332857650786,3,1,3,1,15,50.53410220146179,2000,1484.323746919632,56000.0,0.25672203022691653,0.05089771736005164,0.32640305407401715,0.13503339776520165,0.18069110409020808,0.22560522458500742,0.25672203022691653,0.05089683042162678,0.32640305407401715,0.13503339776520165,0.18055492401577233,0,1,0,0,25,29.352476358413696,1000,29.352476358413696,1000.0,2.111244323722546,0.2608240822036396,1.234592734018537,0.4741659176702002,0.18931607544815585,0.5107093911449442,57.64901423454285,1000,57.64901423454285,1000.0,2.117180333100907,0.2608651578955678,1.2354506610181801,0.47400228379330006,0.1897716091895024,0.5107496039113176
[7.8125e-05],28,False,29,5e526_00001,2024-07-08_12-55-57,1720414557,174.2942750453949,5055.887296676636,194762,sepc622.se.cuhk.edu.hk,137.189.58.22,5055.887296676636,29,24666,61.184131383895874,1000,1819.4963047504425,30000.0,19608322.64519055,7112175.584759976,786.6571727890946,355.92910688418186,1606.084259362417,2666.8662480071953,0.01204796630955575,0.0038369001195974525,0.098164201645355,0.05116226875546094,0.02792702945608594,4,2,4,4,16,62.038758754730225,1000,1787.972864151001,30000.0,14600546.563635541,3961569.425836205,793.4043111561632,357.92264919415607,1595.2952274253762,1990.3691682289004,0.011997148055246017,0.0038137305794733256,0.0978970267790397,0.05098221490658073,0.027934332857650786,4,2,4,2,16,51.070476055145264,2000,1535.3942229747772,58000.0,0.2566819743293567,0.050900881474785366,0.3263518377469697,0.1350106743567082,0.18071828496859565,0.22561223697925908,0.2566819743293567,0.05089683042162678,0.3263518377469697,0.1350106743567082,0.18055492401577233,0,2,0,0,26,29.352476358413696,1000,29.352476358413696,1000.0,2.111244323722546,0.2608240822036396,1.234592734018537,0.4741659176702002,0.18931607544815585,0.5107093911449442,57.64901423454285,1000,57.64901423454285,1000.0,2.117180333100907,0.2608651578955678,1.2354506610181801,0.47400228379330006,0.1897716091895024,0.5107496039113176
[7.8125e-05],29,False,30,5e526_00001,2024-07-08_12-58-49,1720414729,171.7378900051117,5227.625186681747,194762,sepc622.se.cuhk.edu.hk,137.189.58.22,5227.625186681747,30,24666,57.92557692527771,1000,1877.4218816757202,31000.0,2662044.24674699,581745.9862409334,337.44656961879,156.0041427645352,695.3295230040592,762.7227453281654,0.01204796630955575,0.0038369001195974525,0.098164201645355,0.05116226875546094,0.02792702945608594,5,3,5,5,17,62.27824425697327,1000,1850.2511084079742,31000.0,2660091.737166916,567890.8199696193,342.7585724081847,158.23901727345034,697.6352504837757,753.5853103462271,0.011997148055246017,0.0038137305794733256,0.0978970267790397,0.05098221490658073,0.027934332857650786,5,3,5,3,17,51.53322958946228,2000,1586.9274525642395,60000.0,0.25666991791346305,0.05089664526704237,0.3263140006787219,0.13497868973330182,0.18073078853777688,0.22560284853485865,0.25666991791346305,0.05089664526704237,0.3263140006787219,0.13497868973330182,0.18055492401577233,0,0,0,0,27,29.352476358413696,1000,29.352476358413696,1000.0,2.111244323722546,0.2608240822036396,1.234592734018537,0.4741659176702002,0.18931607544815585,0.5107093911449442,57.64901423454285,1000,57.64901423454285,1000.0,2.117180333100907,0.2608651578955678,1.2354506610181801,0.47400228379330006,0.1897716091895024,0.5107496039113176
[7.8125e-05],30,False,31,5e526_00001,2024-07-08_13-01-38,1720414898,169.10994362831116,5396.735130310059,194762,sepc622.se.cuhk.edu.hk,137.189.58.22,5396.735130310059,31,24666,58.47235918045044,1000,1935.8942408561707,32000.0,29651859.125031922,9230526.251101289,1453.264936696322,690.5970844002251,2475.115520555745,3038.178113788145,0.01204796630955575,0.0038369001195974525,0.098164201645355,0.05116226875546094,0.02792702945608594,6,4,6,6,18,62.28947329521179,1000,1912.540581703186,32000.0,27831643.998259768,7956051.162430427,1446.5980547645804,681.6561152050631,2376.1120518261923,2820.647294936116,0.011997148055246017,0.0038137305794733256,0.0978970267790397,0.05098221490658073,0.027934332857650786,6,4,6,4,18,48.34723520278931,2000,1635.2746877670288,62000.0,0.25665984343382925,0.05089580208757748,0.3262958155338737,0.13496651317960004,0.1807376370011237,0.22560097980190041,0.25665984343382925,0.05089580208757748,0.3262958155338737,0.13496651317960004,0.18055492401577233,0,0,0,0,28,29.352476358413696,1000,29.352476358413696,1000.0,2.111244323722546,0.2608240822036396,1.234592734018537,0.4741659176702002,0.18931607544815585,0.5107093911449442,57.64901423454285,1000,57.64901423454285,1000.0,2.117180333100907,0.2608651578955678,1.2354506610181801,0.47400228379330006,0.1897716091895024,0.5107496039113176
[7.8125e-05],31,False,32,5e526_00001,2024-07-08_13-04-27,1720415067,168.95136952400208,5565.686499834061,194762,sepc622.se.cuhk.edu.hk,137.189.58.22,5565.686499834061,32,24666,58.04136776924133,1000,1993.935608625412,33000.0,2.168413515653117e+39,5.984493736698884e+38,2.079507512910529e+19,1.0382477083959138e+19,2.1925620082086777e+19,2.446322492374806e+19,0.01204796630955575,0.0038369001195974525,0.098164201645355,0.05116226875546094,0.02792702945608594,7,5,7,7,19,62.08400011062622,1000,1974.6245818138123,33000.0,2.1906366703580297e+39,6.0052476384680786e+38,2.1021566232784093e+19,1.0484555346488437e+19,2.1951539997919035e+19,2.4505606783893516e+19,0.011997148055246017,0.0038137305794733256,0.0978970267790397,0.05098221490658073,0.027934332857650786,7,5,7,5,19,48.82523036003113,2000,1684.09991812706,64000.0,0.25664930553233334,0.050893309204144276,0.3262792883632767,0.13495582593036287,0.18073901996543887,0.2255954547506316,0.25664930553233334,0.050893309204144276,0.3262792883632767,0.13495582593036287,0.18055492401577233,0,0,0,0,29,29.352476358413696,1000,29.352476358413696,1000.0,2.111244323722546,0.2608240822036396,1.234592734018537,0.4741659176702002,0.18931607544815585,0.5107093911449442,57.64901423454285,1000,57.64901423454285,1000.0,2.117180333100907,0.2608651578955678,1.2354506610181801,0.47400228379330006,0.1897716091895024,0.5107496039113176
[3.90625e-05],32,False,33,5e526_00001,2024-07-08_13-07-13,1720415233,166.19507837295532,5731.881578207016,194762,sepc622.se.cuhk.edu.hk,137.189.58.22,5731.881578207016,33,24666,59.14269256591797,1000,2053.07830119133,34000.0,1.5115655303667687e+45,5.112707179737668e+44,2.0150820595478435e+22,1.0795595615520535e+22,1.969653532672815e+22,2.261129624709222e+22,0.01204796630955575,0.0038369001195974525,0.098164201645355,0.05116226875546094,0.02792702945608594,8,6,8,8,20,61.10896015167236,1000,2035.7335419654846,34000.0,1.5264496272200362e+45,5.156485282933766e+44,2.029361024326942e+22,1.0862836539176885e+22,1.9787341886052744e+22,2.2707895725790545e+22,0.011997148055246017,0.0038137305794733256,0.0978970267790397,0.05098221490658073,0.027934332857650786,8,6,8,6,20,45.94264316558838,2000,1730.0425612926483,66000.0,0.25661867287256346,0.050891324297038916,0.3262408504593673,0.1349367553052192,0.18074912220074976,0.22559105544555377,0.25661867287256346,0.050891324297038916,0.3262408504593673,0.1349367553052192,0.18055492401577233,0,0,0,0,30,29.352476358413696,1000,29.352476358413696,1000.0,2.111244323722546,0.2608240822036396,1.234592734018537,0.4741659176702002,0.18931607544815585,0.5107093911449442,57.64901423454285,1000,57.64901423454285,1000.0,2.117180333100907,0.2608651578955678,1.2354506610181801,0.47400228379330006,0.1897716091895024,0.5107496039113176
[3.90625e-05],33,False,34,5e526_00001,2024-07-08_13-10-01,1720415401,167.94408297538757,5899.825661182404,194762,sepc622.se.cuhk.edu.hk,137.189.58.22,5899.825661182404,34,24666,60.94084668159485,1000,2114.019147872925,35000.0,8.738429899786825e+45,2.991251761271037e+45,4.957117401858245e+22,2.690501677358104e+22,4.726244464209403e+22,5.469233731768132e+22,0.01204796630955575,0.0038369001195974525,0.098164201645355,0.05116226875546094,0.02792702945608594,9,7,9,9,21,59.01902222633362,1000,2094.7525641918182,35000.0,8.817363617996015e+45,3.012053627997915e+45,4.988570402242877e+22,2.704590680650159e+22,4.744465984026686e+22,5.488217951209586e+22,0.011997148055246017,0.0038137305794733256,0.0978970267790397,0.05098221490658073,0.027934332857650786,9,7,9,7,21,47.98339557647705,2000,1778.0259568691254,68000.0,0.2566125298889101,0.050888359930716345,0.32622992142107565,0.13492821806350094,0.18074743438893667,0.22558448512855742,0.2566125298889101,0.050888359930716345,0.32622992142107565,0.13492821806350094,0.18055492401577233,0,0,0,0,31,29.352476358413696,1000,29.352476358413696,1000.0,2.111244323722546,0.2608240822036396,1.234592734018537,0.4741659176702002,0.18931607544815585,0.5107093911449442,57.64901423454285,1000,57.64901423454285,1000.0,2.117180333100907,0.2608651578955678,1.2354506610181801,0.47400228379330006,0.1897716091895024,0.5107496039113176
[3.90625e-05],34,False,35,5e526_00001,2024-07-08_13-12-51,1720415571,169.52748322486877,6069.353144407272,194762,sepc622.se.cuhk.edu.hk,137.189.58.22,6069.353144407272,35,24666,61.803027629852295,1000,2175.822175502777,36000.0,3.308478691384633e+45,1.1755139659854695e+45,3.192538350258589e+22,1.761952615637806e+22,2.9216494971967146e+22,3.4285769146768015e+22,0.01204796630955575,0.0038369001195974525,0.098164201645355,0.05116226875546094,0.02792702945608594,10,8,10,10,22,58.17947602272034,1000,2152.9320402145386,36000.0,3.327316066327472e+45,1.1789880187681769e+45,3.210432779843657e+22,1.7692765475715101e+22,2.9262228115774484e+22,3.4336394958821418e+22,0.011997148055246017,0.0038137305794733256,0.0978970267790397,0.05098221490658073,0.027934332857650786,10,8,10,8,22,49.543922662734985,2000,1827.5698795318604,70000.0,0.2566076071319155,0.05088784741410415,0.3262212116917084,0.13492231271636287,0.1807504849192026,0.2255833491508275,0.2566076071319155,0.05088784741410415,0.3262212116917084,0.13492231271636287,0.18055492401577233,0,0,0,0,32,29.352476358413696,1000,29.352476358413696,1000.0,2.111244323722546,0.2608240822036396,1.234592734018537,0.4741659176702002,0.18931607544815585,0.5107093911449442,57.64901423454285,1000,57.64901423454285,1000.0,2.117180333100907,0.2608651578955678,1.2354506610181801,0.47400228379330006,0.1897716091895024,0.5107496039113176
